 # Grain size distribution: volume (A^3) ; No. of grains
   211848.14656437250                0
   211865.04697634475                0
   211881.94738831697                0
   211898.84780028922                0
   211915.74821226147                0
   211932.64862423373                0
   211949.54903620598                0
   211966.44944817820                0
   211983.34986015045                0
   212000.25027212271                0
   212017.15068409493                0
   212034.05109606718                0
   212050.95150803943                0
   212067.85192001169                0
   212084.75233198394                0
   212101.65274395616                0
   212118.55315592841                0
   212135.45356790067                0
   212152.35397987289                0
   212169.25439184514                1
   212186.15480381739                0
